3000
3011
3012
3014
3016
3019
3020
3022
3024
3048
3050
3052
3055
3061
3062
3063
3065
3068
3071
3075
3081
3082
3090
3092
3095
3104
3111
3112
3119
3121
3128
3129
3157
3171
3173
3174
3176
3181
3194
3195
3196
3200
3201
3202
3205
3206
3208
3209
3211
3240
3242
3244
3250
3252
3254
3257
3258
3263
3276
3278
3290
3306
3308
3310
3312
3313
3315
3318
3335
3337
3339
3348
3350
3355
3359
3361
3362
3363
3364
3365
3366
3368
3370
3385
3397
3399
3401
3422
3427
3428
3429
3430
3437
3458
3462
3465
3466
3468
3474
3481
3485
3487
3488
3492
3499
3502
3516
3518
3519
3523
3525
3533
3534
3536
3538
3540
3542
3543
3545
3549
3551
3589
3597
3618
3620
3621
3622
3624
3631
3632
3633
3640
3641
3656
3661
3663
3665
3666
3668
3676
3701
3704
3710
3712
3714
3719
3720
3721
3724
3726
3729
3733
3734
3736
3738
3746
3748
3759
3760
3761
3762
3763
3765
3766
3767
3768
3769
3786
3804
3828
3840
3849
3855
3879
3880
3882
3884
3886
3888
3889
3890
3892
3898
3921
3924
3926
3929
3944
3948
3950
3951
3952
3954
3956
3958
3970
3972
3973
3975
4000
4010
4012
4021
4027
4029
4031
4033
4034
4035
4066
4072
4073
4074
4076
4078
4086
4088
4094
4110
4119
4122
4123
4124
4126
4129
4132
4134
4136
4137
4139
4140
4141
4142
4143
4144
4146
4147
4148
4149
4151
4152
4153
4154
4155
4156
4157
4158
4160
4161
4163
4167
4168
4169
4171
4176
4178
4179
4180
4182
4184
4189
4191
4193
4202
4204
4207
4226
4250
4251
4268
4283
4285
4286
4297
4299
4301
4304
4305
4308
4310
4313
4338
4340
4342
4344
4345
4361
4363
4364
4366
4368
4370
4372
4375
4380
4382
4396
4397
4399
4400
4403
4405
4408
4410
4412
4414
4415
4416
4427
4446
4449
4464
4465
4466
4467
4468
4469
4471
4472
4473
4474
4478
4480
4490
4491
4493
4494
4497
4499
4504
4505
4515
4524
4528
4529
4530
4531
4532
4533
4534
4535
4536
4549
4562
4579
4580
4584
4600
4613
4620
4624
4625
4627
4628
4667
4668
4669
4670
4672
4679
4690
4692
4694
4696
4712
4731
4732
4734
4735
4736
4737
4739
4742
4757
4759
4765
4807
4815
4816
4817
4827
4828
4829
4830
4832
4834
4851
4867
4881
4883
4900
4901
4902
4912
4915
4916
4918
4924
4927
4929
4932
4949
4951
4953
4980
4988
4998
5000
5042
5059
5067
5069
5088
5093
5094
5107
5125
5132
5141
5143
5145
5159
5164
5165
5166
5194
5196
5198
5202
5246
5247
5248
5260
5262
5263
5264
5265
5266
5282
5300
5302
5304
5325
5337
5339
5355
5356
5357
5358
5359
5360
5393
5395
5406
5416
5417
5418
5420
5423
5425
5443
5445
5462
5469
5470
5472
5475
5476
5486
5489
5491
5493
5496
5501
5502
5503
5520
5522
5529
5530
5531
5532
5534
5540
5541
5544
5546
5548
5552
5554
5555
5558
5571
5573
5575
5576
5587
5588
5589
5596
5598
5599
5600
5603
5604
5606
5607
5609
5611
5613
5615
5616
5617
5618
5619
5622
5642
5644
5645
5646
5647
5649
5653
5659
5661
5662
5677
5679
5684
5686
5690
5693
5695
5696
5709
5711
5714
5716
5729
5733
5736
5737
5738
5750
5752
5754
5756
5773
5781
5798
5799
5808
5838
5883
5885
5887
5888
5889
5891
5893
5895
5912
5929
5930
5932
5936
5938
5944
5949
5950
5951
5952
5953
5955
5957
5961
5962
5963
5964
5965
5966
5968
5981
5983
5985
5986
5987
5988
5989
5994
5996
5999
