0
1
2
3
5
7
9
14
16
29
32
46
61
67
80
81
89
91
93
95
111
116
126
132
134
139
141
142
149
155
157
158
159
175
180
185
187
200
202
204
206
210
221
222
238
239
242
243
244
253
284
286
287
288
303
316
317
319
322
336
340
341
351
365
368
369
371
421
435
436
437
439
445
484
503
516
556
558
567
579
585
587
588
593
595
603
616
640
641
658
661
685
686
691
696
698
701
703
704
705
707
709
711
745
747
748
750
751
753
755
757
760
761
765
771
775
777
778
780
781
795
797
798
799
804
805
807
812
827
836
847
854
855
872
874
875
913
925
926
931
947
960
961
962
963
965
970
977
985
990
992
994
995
996
998
999
1001
1025
1026
1057
1069
1074
1083
1085
1095
1096
1097
1098
1099
1100
1115
1116
1118
1120
1135
1168
1175
1195
1198
1201
1202
1203
1205
1211
1233
1235
1242
1244
1246
1248
1249
1250
1251
1253
1270
1272
1276
1277
1278
1279
1280
1282
1283
1285
1288
1317
1322
1351
1368
1372
1386
1396
1401
1408
1409
1412
1413
1447
1448
1450
1452
1473
1474
1480
1482
1484
1507
1508
1511
1522
1556
1558
1593
1594
1595
1603
1604
1625
1668
1672
1683
1685
1690
1759
1767
1768
1769
1770
1794
1807
1819
1821
1857
1864
1866
1868
1884
1902
1903
1926
1937
1939
1941
1967
2014
2036
2038
2039
2041
2043
2085
2086
2095
2097
2099
2104
2106
2108
2109
2111
2112
2115
2118
2145
2153
2171
2172
2199
2223
2226
2227
2228
2229
2230
2231
2232
2233
2241
2242
2244
2247
2248
2250
2251
2263
2296
2309
2328
2333
2334
2335
2337
2354
2359
2393
2400
2402
2403
2409
2414
2416
2423
2431
2439
2455
2461
2477
2479
2509
2523
2525
2526
2528
2529
2531
2532
2544
2546
2547
2552
2556
2560
2598
2610
2612
2614
2616
2617
2618
2619
2620
2643
2676
2678
2680
2721
2723
2725
2726
2727
2728
2730
2733
2739
2749
2761
2762
2774
2779
2781
2798
2803
2805
2806
2812
2814
2821
2823
2825
2826
2827
2828
2829
2830
2831
2832
2849
2853
2869
2882
2887
2921
2925
2931
2932
2950
2964
2980
2982
2986
