15000
15035
15043
15044
15046
15047
15048
15049
15050
15057
15072
15073
15079
15085
15093
15099
15106
15107
15110
15117
15122
15123
15127
15129
15131
15132
15133
15143
15145
15146
15147
15149
15151
15152
15153
15155
15161
15163
15167
15168
15169
15170
15171
15172
15175
15176
15177
15178
15180
15193
15194
15196
15198
15201
15202
15204
15207
15209
15221
15222
15224
15226
15234
15252
15253
15254
15255
15256
15257
15258
15259
15260
15261
15263
15268
15269
15270
15273
15279
15281
15282
15283
15284
15286
15287
15296
15297
15298
15299
15300
15302
15304
15306
15315
15317
15320
15322
15324
15326
15327
15329
15330
15332
15333
15334
15335
15337
15338
15342
15343
15344
15346
15350
15352
15354
15356
15367
15368
15370
15371
15373
15375
15378
15386
15389
15390
15391
15392
15394
15397
15399
15401
15402
15409
15410
15411
15414
15418
15419
15420
15421
15422
15423
15425
15427
15436
15438
15440
15442
15445
15449
15451
15453
15454
15455
15457
15459
15460
15462
15463
15466
15474
15475
15477
15478
15480
15487
15488
15490
15499
15501
15507
15513
15514
15515
15516
15518
15520
15521
15525
15527
15529
15548
15549
15551
15561
15562
15563
15564
15565
15567
15584
15589
15590
15591
15592
15593
15595
15597
15599
15600
15601
15605
15606
15613
15616
15617
15618
15619
15620
15621
15623
15625
15632
15642
15645
15646
15647
15648
15649
15651
15655
15657
15658
15660
15681
15686
15688
15694
15699
15700
15701
15702
15703
15704
15705
15707
15723
15724
15725
15726
15728
15729
15730
15731
15733
15736
15745
15748
15752
15755
15756
15757
15759
15768
15773
15774
15777
15779
15789
15791
15794
15806
15811
15818
15820
15821
15822
15823
15825
15826
15827
15828
15829
15830
15831
15832
15833
15834
15836
15837
15838
15839
15841
15844
15846
15849
15851
15853
15855
15856
15859
15861
15863
15864
15867
15870
15875
15877
15878
15880
15882
15885
15886
15887
15889
15891
15896
15898
15900
15909
15912
15914
15916
15918
15920
15922
15923
15925
15943
15954
15960
15962
15979
15981
15984
15992
15994
15996
15998
15999
16000
16001
16003
16011
16012
16013
16014
16024
16030
16032
16035
16037
16039
16040
16045
16071
16073
16076
16078
16080
16081
16083
16087
16088
16089
16091
16092
16093
16094
16095
16096
16112
16115
16117
16122
16124
16126
16130
16138
16140
16141
16164
16166
16168
16169
16170
16172
16183
16185
16200
16202
16204
16205
16206
16207
16208
16209
16210
16212
16214
16216
16218
16220
16222
16223
16224
16225
16226
16227
16228
16229
16230
16232
16233
16237
16238
16239
16240
16243
16245
16246
16247
16249
16250
16251
16252
16258
16259
16261
16263
16264
16274
16276
16280
16281
16282
16284
16286
16287
16288
16289
16293
16299
16301
16303
16304
16306
16307
16309
16311
16314
16316
16319
16320
16322
16324
16330
16331
16332
16333
16345
16347
16353
16356
16357
16358
16359
16360
16380
16383
16385
16395
16397
16404
16406
16408
16409
16410
16415
16418
16423
16425
16426
16427
16433
16440
16441
16443
16451
16457
16459
16461
16464
16466
16467
16476
16485
16487
16496
16504
16506
16509
16510
16511
16512
16513
16514
16516
16517
16518
16531
16533
16542
16543
16544
16550
16552
16554
16556
16561
16565
16566
16568
16569
16570
16571
16572
16574
16582
16584
16585
16588
16590
16591
16593
16595
16597
16599
16600
16601
16602
16603
16604
16605
16607
16617
16619
16621
16622
16623
16624
16625
16626
16628
16630
16632
16635
16636
16637
16638
16639
16640
16641
16643
16645
16647
16648
16649
16652
16656
16669
16670
16672
16674
16676
16677
16678
16679
16680
16681
16686
16710
16711
16712
16713
16714
16718
16719
16720
16721
16722
16723
16724
16725
16728
16734
16735
16736
16737
16738
16739
16740
16741
16742
16743
16744
16746
16748
16750
16770
16781
16782
16784
16786
16788
16790
16791
16793
16806
16808
16809
16810
16811
16812
16814
16816
16817
16818
16819
16820
16821
16823
16828
16830
16832
16836
16837
16838
16840
16844
16851
16857
16862
16873
16876
16877
16878
16879
16880
16882
16884
16894
16895
16896
16897
16898
16900
16901
16902
16904
16906
16907
16908
16941
16957
16958
16960
16976
16999
17001
17011
17025
17027
17028
17029
17033
17035
17037
17039
17041
17043
17048
17052
17053
17054
17055
17060
17061
17062
17063
17066
17084
17087
17094
17096
17098
17099
17101
17103
17104
17106
17121
17127
17129
17130
17131
17133
17142
17155
17157
17180
17210
17212
17213
17214
17220
17221
17230
17235
17237
17238
17239
17241
17243
17244
17245
17246
17247
17256
17279
17289
17291
17296
17300
17301
17303
17313
17314
17315
17316
17318
17320
17327
17329
17331
17333
17334
17337
17341
17356
17358
17360
17363
17373
17375
17377
17379
17381
17386
17388
17394
17396
17398
17400
17401
17402
17406
17408
17410
17412
17413
17414
17416
17418
17424
17425
17426
17428
17429
17430
17432
17433
17437
17438
17440
17441
17442
17443
17444
17445
17447
17448
17450
17451
17452
17455
17456
17457
17459
17460
17461
17484
17487
17489
17490
17491
17492
17493
17495
17498
17500
17502
17503
17504
17505
17506
17507
17522
17534
17549
17550
17551
17552
17553
17554
17556
17558
17560
17566
17567
17569
17571
17572
17583
17584
17585
17586
17588
17589
17591
17594
17596
17597
17598
17600
17601
17602
17603
17604
17605
17606
17609
17610
17611
17612
17613
17614
17616
17617
17618
17621
17622
17623
17624
17626
17627
17644
17645
17646
17649
17656
17657
17658
17659
17660
17667
17668
17669
17671
17673
17674
17675
17676
17677
17679
17687
17693
17694
17695
17697
17698
17699
17700
17702
17706
17708
17710
17711
17712
17713
17714
17715
17716
17717
17718
17719
17721
17722
17724
17725
17726
17727
17728
17736
17738
17739
17740
17741
17742
17754
17757
17759
17760
17761
17764
17766
17767
17768
17770
17771
17772
17773
17774
17778
17792
17793
17795
17797
17800
17801
17802
17803
17804
17806
17807
17808
17810
17812
17819
17821
17828
17831
17832
17843
17853
17855
17857
17879
17904
17906
17917
17919
17921
17922
17930
17951
17954
17955
17962
17964
17965
17972
17973
17979
17980
17981
17982
17986
17988
17990
17994
