9003
9010
9011
9012
9013
9014
9015
9025
9027
9028
9029
9030
9031
9037
9047
9049
9051
9052
9053
9057
9058
9062
9068
9093
9095
9097
9099
9101
9102
9103
9108
9109
9114
9116
9133
9148
9159
9160
9161
9163
9164
9166
9169
9173
9175
9177
9225
9246
9273
9275
9276
9277
9280
9286
9290
9291
9294
9295
9298
9299
9300
9301
9302
9304
9306
9343
9344
9345
9346
9347
9348
9349
9350
9353
9355
9356
9358
9366
9368
9370
9372
9373
9374
9375
9376
9377
9378
9379
9381
9383
9384
9386
9388
9411
9413
9437
9438
9440
9442
9447
9501
9503
9518
9519
9520
9536
9538
9544
9545
9547
9551
9554
9558
9564
9566
9568
9572
9573
9574
9575
9580
9582
9583
9586
9588
9590
9592
9593
9606
9608
9610
9629
9636
9638
9664
9666
9668
9672
9674
9676
9678
9679
9680
9681
9683
9697
9705
9711
9712
9724
9726
9727
9728
9750
9752
9753
9754
9755
9756
9766
9801
9803
9804
9806
9807
9810
9811
9813
9815
9843
9852
9868
9870
9871
9872
9883
9885
9887
9890
9894
9896
9927
9968
9974
9976
9986
10005
10019
10037
10040
10041
10043
10045
10046
10079
10094
10097
10099
10101
10103
10105
10109
10110
10112
10113
10114
10115
10117
10152
10154
10156
10164
10175
10177
10178
10179
10180
10181
10182
10183
10185
10196
10198
10199
10215
10219
10239
10241
10243
10244
10260
10262
10267
10271
10279
10280
10281
10282
10283
10301
10303
10306
10312
10314
10316
10318
10351
10364
10403
10405
10407
10408
10409
10410
10411
10412
10413
10435
10436
10438
10440
10441
10447
10461
10462
10463
10464
10466
10468
10469
10470
10472
10474
10476
10478
10481
10483
10510
10566
10568
10578
10583
10585
10592
10593
10614
10616
10622
10624
10632
10638
10640
10641
10642
10643
10645
10655
10663
10668
10676
10678
10680
10683
10700
10702
10713
10718
10732
10750
10753
10759
10761
10762
10778
10780
10820
10822
10831
10867
10876
10878
10923
10976
10978
10984
10995
10996
10997
10999
11000
11072
11073
11074
11087
11100
11109
11111
11198
11231
11285
11288
11295
11327
11328
11329
11330
11331
11332
11333
11352
11354
11396
11404
11423
11424
11426
11428
11435
11537
11559
11564
11566
11568
11569
11575
11583
11603
11681
11696
11697
11699
11700
11774
11775
11776
11777
11796
11839
11849
11851
11859
11861
11863
11865
11921
11923
11929
11938
11940
11942
11943
11944
11945
11951
